[option(experiment)]
EPISODE:100000 STEP:500
MAP_WIDTH:10 MAP_HEIGHT:10
AGENTS_POSITION:[(1, 1), (8, 1)] ENEMIES_POSITION:[(8, 8), (1, 8)]
SCOPE:1
[2. 2. 2. 2. 2. 2. 2. 2. 2. 2.]
[2. 1. 1. 1. 1. 1. 1. 1. 1. 2.]
[2. 1. 1. 1. 1. 1. 1. 1. 1. 2.]
[2. 1. 1. 1. 1. 1. 1. 1. 1. 2.]
[2. 1. 1. 1. 1. 1. 1. 1. 1. 2.]
[2. 1. 1. 1. 1. 1. 1. 1. 1. 2.]
[2. 1. 1. 1. 1. 1. 1. 1. 1. 2.]
[2. 1. 1. 1. 1. 1. 1. 1. 1. 2.]
[2. 1. 1. 1. 1. 1. 1. 1. 1. 2.]
[2. 2. 2. 2. 2. 2. 2. 2. 2. 2.]

[option(learning)]
K:0.99 ALPHA:0.1 GAMMA:0.9
REWARDS:{'none': -1, 'dot': 10, 'wall': -10, 'agent': -1, 'enemy': -50, 'all': 50}

[result]
completed:236/100000 completed_ratio:0.23600000000000002%
completed_step_mean:57.55084745762712
completed_step_median:52.5
action_list:[(0, 3), (1, 1), (0, 3), (1, 2), (2, 2), (3, 0), (0, 3), (1, 0), (0, 3), (1, 2), (2, 2), (3, 0), (0, 3), (1, 1), (0, 1), (1, 1), (2, 0), (3, 3), (0, 2), (1, 1), (0, 2), (1, 2), (2, 0), (3, 0), (0, 2), (1, 0), (0, 2), (1, 2), (2, 0), (3, 0), (0, 2), (1, 2), (0, 1), (1, 3), (2, 0), (3, 0), (0, 0), (1, 1), (0, 0), (1, 1), (2, 1), (3, 2), (0, 1), (1, 1), (0, 3), (1, 2), (2, 2), (3, 0), (0, 3), (1, 0), (0, 3), (1, 1), (2, 2), (3, 3), (0, 0), (1, 2), (0, 3), (1, 0), (2, 2), (3, 1), (0, 3), (1, 0), (0, 3), (1, 2), (2, 2), (3, 2), (0, 3), (1, 1), (0, 1), (1, 1), (2, 1), (3, 1), (0, 1), (1, 1), (0, 1), (1, 1), (2, 1), (3, 1), (0, 1), (1, 3), (0, 1), (1, 3), (2, 1), (3, 1), (0, 1), (1, 3), (0, 1), (1, 0), (2, 3), (3, 1), (0, 2), (1, 1), (0, 0), (1, 3), (2, 3), (3, 1), (0, 2), (1, 0), (0, 0), (1, 0), (2, 0), (3, 0), (0, 1), (1, 0), (0, 1), (1, 3), (2, 1), (3, 3), (0, 3), (1, 3), (0, 2), (1, 0), (2, 3), (3, 3), (0, 2), (1, 0), (1, 1), (2, 0), (3, 1), (1, 2), (1, 2), (2, 1), (3, 0), (1, 2), (1, 2), (2, 0), (3, 0), (1, 0), (1, 2), (2, 2), (3, 0), (1, 1), (1, 2), (2, 0), (3, 0), (1, 0), (1, 0), (2, 0), (3, 0), (1, 0), (1, 1), (2, 0), (3, 0), (1, 0), (1, 1), (2, 2), (3, 2), (1, 0), (1, 0), (2, 2), (3, 2), (1, 0), (1, 3), (2, 0), (3, 3), (1, 3), (1, 3), (2, 0), (3, 0), (1, 3), (1, 3), (2, 0), (3, 3), (1, 3), (1, 3), (2, 3), (3, 3), (1, 2), (1, 3), (2, 3), (3, 3), (1, 2), (1, 3), (2, 3), (3, 3), (1, 2), (1, 1), (2, 3), (3, 1), (1, 1), (1, 1), (2, 1), (3, 1), (1, 2), (1, 1), (2, 1), (3, 1), (1, 3), (1, 1), (2, 3), (3, 3), (1, 1), (1, 2), (2, 1), (3, 1), (1, 2), (1, 2), (2, 1), (3, 2), (1, 2), (1, 0), (2, 2), (3, 1), (1, 2), (1, 2), (2, 1), (3, 2), (1, 3), (1, 2), (2, 2), (3, 2), (1, 3), (1, 2), (2, 2), (3, 2), (1, 3), (1, 1), (2, 1), (3, 2), (1, 1)]